
## About
windows run
sample mean:
 [-0.04994186 -0.06654973 -0.06317438 -0.05642407 -0.06518771]
sample cov:
 [[0.90437468 0.56503445 0.46163507 0.49309495 0.46575464]
 [0.56503445 0.91583356 0.44114302 0.46555879 0.51978326]
 [0.46163507 0.44114302 0.94391958 0.60763604 0.54446608]
 [0.49309495 0.46555879 0.60763604 0.92589903 0.62596411]
 [0.46575464 0.51978326 0.54446608 0.62596411 0.98579943]]
analytical cov:
 [[1.         0.637776   0.5251541  0.5471249  0.51405066]
 [0.637776   1.         0.50553346 0.5131064  0.5370628 ]
 [0.5251541  0.50553346 0.9999933  0.6710784  0.59528923]
 [0.5471249  0.5131064  0.6710784  0.9999937  0.64763546]
 [0.5140507  0.5370628  0.5952892  0.6476357  0.99999386]]
max difference:  0.09562531771040583
9920512it [05:04, 32562.04it/s]


